1 0 0 2 7 0 0
2 0 3 0 8 0 1
3 0 0 4 9 2 0
4 0 5 0 10 0 3
5 0 0 6 11 4 0
6 0 0 0 12 0 5
7 1 0 8 13 0 0
8 2 0 0 14 0 7
9 3 0 10 15 0 0
10 4 0 0 16 0 9
11 5 0 12 17 0 0
12 6 0 0 18 0 11
13 7 0 14 19 0 0
14 8 0 0 20 0 13
15 9 0 16 21 0 0
16 10 0 0 22 0 15
17 11 0 18 23 0 0
18 12 0 0 24 17 0
19 13 0 20 25 0 0
20 14 0 0 26 0 19
21 15 0 22 27 0 0
22 16 0 0 22 0 15
23 17 0 24 29 0 0
24 18 0 0 30 0 23
25 19 0 20 25 0 0
26 20 27 0 0 0 25
27 21 0 28 0 26 0
28 22 29 0 0 0 27
29 23 0 30 0 28 0
30 24 0 0 0 0 29